1 2 527 567 0 1 4.5 1733 
2 1 1874 149 0 1 4.5 6148 
3 0 117 576 2 1 5.0 1748 
4 2 267 563 2 1 5.0 1851 
5 1 1796 566 6 1 5.0 3924 
6 0 1910 563 12 1 4.5 4515 
7 2 1532 566 1 1 5.0 2496 
8 0 211 587 3 1 5.0 2886 
9 1 379 564 4 1 5.0 2131 
10 2 1873 149 12 5 5.0 12941 
11 1 1537 572 56 1 4.5 8707 
12 0 1407 277 8 1 4.0 6584 
13 2 95 573 3 1 4.5 2172 
14 1 936 153 2 1 4.5 4383 
15 0 324 564 32 1 3.0 8799 
16 2 658 573 3 1 4.0 5158 
17 0 1069 368 10 1 4.5 4577 
18 1 1336 566 6 1 5.0 2588 
19 2 1795 573 3 1 4.0 4306 
20 0 849 581 3 1 1.0 2460 
21 1 1515 587 8 1 4.5 4024 
22 2 177 563 2 1 4.5 2620 
23 1 1552 145 2 1 4.0 4196 
24 0 1341 593 18 1 4.0 8626 
25 2 1484 563 2 1 4.0 3475 
26 1 1404 146 2 1 4.0 6832 
27 0 246 566 31 1 4.0 13091 
28 2 1028 612 32 1 4.5 5196 
29 1 13 634 1 1 3.0 9510 
30 0 1520 635 6 1 4.5 2808 
