1 2 1506 661 57 4 3.5 27838 
2 0 1610 574 33 1 4.0 84890 
3 1 1776 786 11 1 3.5 6614 
4 2 1231 351 62 1 4.5 20051 
5 1 827 363 3 1 5.0 17605 
6 0 1233 564 26 1 5.0 8370 
7 2 1621 630 143 1 4.5 10337 
8 1 821 298 15 1 4.0 15611 
9 0 1408 787 9 1 5.0 2193 
10 2 1453 586 9 1 5.0 6466 
11 0 1657 371 4 1 3.0 2959 
12 1 1950 142 31 1 4.0 52437 
13 2 867 345 71 1 4.5 13338 
14 1 1618 352 47 1 5.0 40849 
15 0 401 391 53 1 5.0 9513 
16 2 1621 334 70 1 5.0 11102 
17 1 94 74 0 1 4.5 6568 
18 0 567 154 99 1 5.0 12885 
19 2 1339 589 8 1 4.5 3280 
20 1 261 145 92 1 4.0 29636 
21 0 895 295 72 1 4.5 12078 
22 2 1598 573 3 1 4.5 2887 
23 1 983 608 1 1 5.0 8077 
24 0 1412 300 37 1 5.0 4723 
25 2 1975 588 10 1 4.5 2558 
26 0 733 389 17 1 5.0 2862 
27 1 298 77 9 1 5.0 2806 
28 2 1316 342 82 1 5.0 31331 
29 1 874 396 31 1 5.0 11230 
30 0 622 577 84 1 4.0 7720 
