1 2 408 589 8 1 5.0 18201 
2 0 284 76 1 1 5.0 8116 
3 1 399 74 18 1 4.0 26217 
4 2 1478 572 5 1 5.0 11760 
5 1 164 587 12 1 4.0 10642 
6 0 1189 573 13 1 5.0 9466 
7 2 98 566 1 1 5.0 12910 
8 1 163 569 6 1 4.0 8166 
9 0 1839 567 21 1 4.0 86400 
10 2 237 588 10 1 5.0 20052 
11 1 867 568 0 1 4.5 6490 
12 0 545 146 74 1 5.0 19220 
13 2 1477 567 0 1 5.0 3402 
14 0 15 572 42 1 5.0 30901 
15 1 71 298 2 1 5.0 17336 
16 2 575 581 18 1 4.0 25396 
17 0 38 567 51 1 4.0 18926 
18 1 521 377 13 1 5.0 17123 
19 2 1469 576 6 1 5.0 21961 
20 1 122 74 3 1 5.0 7734 
21 0 1632 360 14 1 5.0 4694 
22 2 246 590 13 1 4.0 14648 
23 1 170 569 0 1 5.0 5026 
24 0 495 365 21 1 4.0 34986 
25 2 1967 573 3 1 5.0 7787 
26 0 543 298 74 1 5.0 9824 
27 1 296 82 3 1 4.0 13803 
28 2 1400 603 31 1 5.0 11132 
29 0 204 567 38 1 5.0 32713 
30 1 1857 372 3 1 5.0 4140 
