1 2 552 567 0 1 4.0 7104 
2 0 1264 515 7 1 0.5 8637 
3 1 929 360 3 1 2.5 4085 
4 2 66 593 19 1 4.5 6626 
5 1 828 573 54 1 2.5 13301 
6 0 1091 149 0 1 2.5 2999 
7 2 1698 586 9 1 2.0 4859 
8 1 1695 568 6 1 3.0 4882 
9 0 535 74 23 1 3.5 6571 
10 2 108 587 7 1 2.5 4803 
11 0 1750 593 8 1 4.0 4484 
12 1 686 368 16 1 3.5 3466 
13 2 1405 592 12 1 2.5 5087 
14 1 974 608 4 1 4.5 11020 
15 0 907 607 69 1 2.5 10067 
16 2 347 566 1 1 3.0 3650 
17 1 762 569 20 1 4.5 4286 
18 0 247 295 17 1 3.0 2158 
19 2 200 566 1 2 0.5 21486 
20 0 210 590 42 1 3.5 8633 
21 1 1167 65 1 1 4.5 3577 
22 2 735 567 0 1 2.0 6782 
23 1 265 298 44 1 3.5 7557 
24 0 1520 298 12 1 4.5 3506 
25 2 1275 567 0 6 0.5 22816 
26 1 1056 569 14 1 2.5 3126 
27 0 1070 573 16 1 4.0 5759 
28 2 1241 566 1 1 2.0 6826 
29 0 534 152 80 1 3.0 13737 
30 1 640 76 6 1 2.5 5699 
