1 2 581 567 0 6 3.5 191325 
2 0 1431 581 10 1 2.5 6219 
3 1 306 298 15 1 3.0 5474 
4 2 224 593 19 1 4.0 8709 
5 1 690 587 7 1 4.0 3318 
6 0 1096 509 11 1 3.5 4287 
7 2 358 590 13 1 4.0 5679 
8 0 1464 573 25 1 3.0 6338 
9 1 914 578 56 1 3.0 9175 
10 2 1572 590 13 1 3.5 6174 
11 0 1400 581 59 1 2.0 9835 
12 1 1317 744 77 1 3.5 16430 
13 2 366 573 3 1 4.0 8805 
14 0 1266 573 14 1 5.0 3105 
15 1 655 300 1 1 4.5 2891 
16 2 657 573 3 1 4.5 3292 
17 0 314 575 12 1 3.5 10822 
18 1 240 563 13 1 3.0 3109 
19 2 863 566 1 1 4.0 3180 
20 1 1292 578 11 1 3.5 4829 
21 0 1537 578 4 1 4.0 9406 
22 2 818 573 3 1 4.5 1597 
23 0 1384 566 63 1 3.5 11783 
24 1 1753 566 16 1 4.0 3129 
25 2 357 566 1 1 4.5 3154 
26 1 686 573 17 1 3.5 4919 
27 0 858 614 16 1 4.5 5242 
28 2 995 563 2 1 4.5 4447 
29 1 1706 575 15 1 3.5 3958 
30 0 1320 573 8 1 4.0 3049 
