1 2 1485 281 1 19 3.5 112044 
2 1 1878 148 1 1 4.0 8188 
3 0 754 298 8 1 2.0 9421 
4 2 1229 573 3 5 1.0 26788 
5 0 987 589 56 1 1.5 13624 
6 1 1950 360 67 1 1.5 14989 
7 2 1917 567 0 6 2.0 38627 
8 1 1005 286 0 1 3.0 6794 
9 0 1482 624 0 1 3.0 5207 
10 2 1245 153 16 2 2.5 13021 
11 0 454 578 9 1 3.0 6135 
12 1 471 468 0 1 3.5 4407 
13 2 1100 592 12 1 2.5 7253 
14 0 1846 300 1 1 3.5 2528 
15 1 1342 634 1 1 3.0 2680 
16 2 1594 300 121 1 1.5 12565 
17 0 296 74 7 1 2.0 6747 
18 1 947 372 8 1 4.0 4434 
19 2 1488 574 38 5 2.5 44098 
20 1 632 65 1 1 4.0 2452 
21 0 916 277 21 1 2.0 5543 
22 2 247 573 3 1 2.0 2273 
23 1 1349 468 51 1 3.0 11140 
24 0 347 576 24 1 3.0 10039 
25 2 769 576 6 1 2.0 11934 
26 0 553 608 63 1 2.0 16087 
27 1 1507 75 3 1 2.5 3853 
28 2 14 783 38 2 2.5 7770 
29 0 720 569 14 1 3.0 6716 
30 1 1889 563 13 1 4.0 4373 
