1 2 1799 567 0 1 5.0 785059 
2 1 1607 607 96 1 5.0 41917 
3 0 1618 581 36 1 4.5 10828 
4 2 253 567 0 1 5.0 32177 
5 0 381 153 23 1 4.5 11744 
6 1 421 638 87 1 5.0 22339 
7 2 194 563 2 1 3.0 43927 
8 1 1815 564 15 1 4.0 7606 
9 0 1435 295 2 1 5.0 4505 
10 2 1592 577 40 1 5.0 11619 
11 0 204 587 40 1 1.0 29645 
12 1 1584 576 0 1 5.0 2448 
13 2 1189 173 144 1 5.0 26068 
14 0 1583 468 32 1 3.0 7864 
15 1 1470 635 43 1 4.0 12300 
16 2 818 786 112 2 3.0 20324 
17 0 1368 154 36 1 0.5 9706 
18 1 361 75 22 1 3.0 6247 
19 2 1732 317 150 1 2.0 17303 
20 1 54 363 18 1 1.0 12515 
21 0 1062 607 34 1 5.0 20822 
22 2 1929 618 39 1 3.5 18852 
23 1 118 566 10 1 5.0 4279 
24 0 579 577 25 1 3.0 7309 
25 2 1808 792 91 6 5.0 22714 
26 0 1052 387 13 1 1.0 22592 
27 1 1025 572 21 1 2.0 10519 
28 2 1250 587 7 1 5.0 7917 
29 0 574 635 7 1 5.0 5440 
30 1 1070 82 15 1 2.0 6053 
