1 2 725 297 107 1 4.0 22761 
2 0 1679 145 31 1 3.0 5240 
3 1 736 501 62 1 3.0 12087 
4 2 1723 154 17 3 3.0 10668 
5 1 1218 569 15 1 3.5 6373 
6 0 1508 300 13 1 3.0 2100 
7 2 1599 563 2 1 3.0 2813 
8 1 411 587 24 1 3.5 4298 
9 0 462 350 74 1 3.0 9377 
10 2 968 573 3 1 1.5 3949 
11 1 1702 583 0 1 4.0 3417 
12 0 1069 575 46 1 3.0 11116 
13 2 1805 569 37 1 2.5 8367 
14 1 844 297 0 1 2.0 4888 
15 0 1579 786 34 1 3.0 4826 
16 2 1713 388 97 1 4.0 12930 
17 0 677 578 53 1 2.0 11742 
18 1 735 297 17 1 4.0 2410 
19 2 925 587 7 1 3.5 3511 
20 1 686 142 27 1 4.0 20863 
21 0 926 573 15 1 2.5 10122 
22 2 1366 593 19 1 2.5 5152 
23 1 1558 149 0 1 4.0 3359 
24 0 120 350 9 1 4.0 7331 
25 2 1952 585 36 1 4.0 9330 
26 0 522 587 23 1 4.0 3336 
27 1 306 297 4 1 3.0 2778 
28 2 488 573 3 1 2.5 9137 
29 1 1934 578 37 1 1.5 7688 
30 0 1387 590 54 1 2.0 7263 
