1 2 818 400 81 5 4.5 37680 
2 0 553 631 69 1 1.5 52195 
3 1 1707 587 80 1 3.0 20810 
4 2 1887 263 8 2 3.5 65400 
5 1 915 295 0 1 3.0 39610 
6 0 478 576 19 1 2.0 40801 
7 2 1015 597 21 1 4.5 7583 
8 1 1321 638 67 1 4.0 18678 
9 0 1644 581 43 1 4.5 16774 
10 2 1872 148 13 3 5.0 12188 
11 1 1548 142 26 1 5.0 6130 
12 0 1073 352 66 1 3.5 13979 
13 2 919 593 19 11 2.0 104515 
14 1 1423 298 46 1 3.0 21975 
15 0 753 577 88 1 3.5 31741 
16 2 1953 515 72 2 4.0 20013 
17 1 1746 302 6 1 4.5 6371 
18 0 413 564 54 1 4.0 16396 
19 2 49 589 8 1 5.0 6119 
20 1 1418 391 41 1 3.5 15029 
21 0 730 576 6 1 5.0 8844 
22 2 358 583 16 7 3.0 28235 
23 1 1447 631 1 1 5.0 7983 
24 0 1 298 28 1 3.5 10859 
25 2 1715 589 8 1 5.0 10268 
26 0 1677 146 22 1 5.0 5042 
27 1 806 298 2 1 4.0 3642 
28 2 425 153 16 3 5.0 13673 
29 0 142 297 48 1 3.5 22664 
30 1 276 566 10 1 3.5 19308 
