1 2 1817 248 33 4 2.0 675844 
2 0 1274 622 16 1 2.5 29176 
3 1 750 587 95 1 4.0 14885 
4 2 1213 593 19 1 3.5 10862 
5 0 1944 592 16 1 5.0 44676 
6 1 704 573 11 1 5.0 11876 
7 2 1736 572 5 1 5.0 12899 
8 1 234 607 33 1 4.0 22993 
9 0 492 577 19 1 3.0 4881 
10 2 717 567 0 1 5.0 8580 
11 1 1270 65 4 1 4.0 6232 
12 0 1036 563 9 1 4.0 6887 
13 2 780 587 7 1 4.5 5430 
14 1 1447 612 37 1 3.0 11621 
15 0 1629 142 72 1 5.0 11790 
16 2 251 589 8 1 4.0 4023 
17 1 133 583 33 1 5.0 11484 
18 0 272 589 6 1 5.0 2634 
19 2 1000 565 22 1 3.5 2388 
20 0 434 569 13 1 2.5 5882 
21 1 1926 573 8 1 5.0 5032 
22 2 1467 573 3 1 4.0 13590 
23 1 308 370 19 1 2.5 6391 
24 0 129 569 8 1 5.0 6907 
25 2 1221 593 19 1 5.0 5611 
26 1 97 573 11 1 4.0 3857 
27 0 585 590 0 1 5.0 3021 
28 2 68 572 5 1 4.0 7980 
29 1 1173 573 10 1 5.0 2982 
30 0 408 468 7 1 4.0 4622 
