1 2 15 587 7 4 3.0 34023 
2 1 1613 563 1 1 3.0 50831 
3 0 1730 298 15 1 3.5 5886 
4 2 1109 587 7 1 4.0 3896 
5 1 686 587 28 1 4.5 8298 
6 0 498 589 82 1 5.0 8250 
7 2 551 567 0 1 4.0 29771 
8 1 599 578 14 1 4.0 9078 
9 0 1388 581 60 1 4.0 17913 
10 2 1915 563 2 1 4.0 9026 
11 0 1360 65 16 1 5.0 5863 
12 1 1967 65 11 1 5.0 11992 
13 2 487 566 1 1 4.0 37686 
14 0 1370 371 80 1 4.0 18610 
15 1 590 607 97 1 4.0 17006 
16 2 231 573 3 1 4.0 31441 
17 1 1879 148 1 1 5.0 5199 
18 0 183 302 27 1 3.0 20608 
19 2 1046 589 8 1 5.0 5546 
20 0 83 589 28 1 4.0 5341 
21 1 865 589 9 1 4.0 3278 
22 2 1332 573 3 1 4.0 6776 
23 0 1546 569 4 1 4.0 13825 
24 1 1387 564 2 1 4.0 42190 
25 2 1493 298 105 1 4.0 6721 
26 1 1551 148 0 1 5.0 6172 
27 0 102 298 13 1 4.0 3420 
28 2 1459 616 42 1 4.5 10175 
29 0 1079 577 3 1 4.0 8256 
30 1 540 589 26 1 5.0 4414 
