1 2 777 567 0 4 4.0 1399402 
2 1 1929 592 17 1 1.5 6934 
3 0 1506 563 13 1 3.5 6177 
4 2 611 573 3 1 4.0 3179 
5 0 84 587 20 1 4.0 3349 
6 1 1741 572 3 1 2.5 3682 
7 2 941 576 6 5 4.0 10107 
8 0 466 373 15 1 2.5 5378 
9 1 671 298 1 1 3.5 4046 
10 2 91 572 5 1 4.0 4265 
11 0 1329 372 22 1 3.5 4325 
12 1 613 374 16 1 3.5 3880 
13 2 1641 566 1 1 4.0 3760 
14 0 1 566 3 1 3.5 2387 
15 1 950 563 23 1 4.0 3827 
16 2 664 565 22 3 4.0 13754 
17 1 710 573 6 1 4.0 3426 
18 0 1476 65 16 1 4.5 5188 
19 2 917 744 4 1 4.0 3377 
20 1 1171 573 9 1 4.0 23081 
21 0 1949 612 6 1 4.0 18085 
22 2 1211 592 12 6 4.0 18540 
23 1 1359 576 0 1 4.5 4651 
24 0 1134 612 18 1 4.5 7203 
25 2 1313 567 0 4 3.5 22203 
26 1 1759 573 7 1 4.0 3497 
27 0 1559 148 13 1 4.5 4261 
28 2 26 576 6 6 4.0 11367 
29 0 641 368 5 1 4.5 9403 
30 1 1329 332 22 1 5.0 19438 
