1 2 1328 576 6 1 5.0 4587 
2 0 1863 737 8 1 4.5 3499 
3 1 1952 515 12 1 5.0 1568 
4 2 1795 78 68 2 2.0 6967 
5 1 1615 298 6 1 5.0 1928 
6 0 1245 378 6 1 2.5 4455 
7 2 1637 573 3 1 1.5 2742 
8 1 781 277 1 1 5.0 2059 
9 0 271 78 1 1 4.0 1979 
10 2 319 573 3 1 5.0 3033 
11 1 56 377 8 1 5.0 2329 
12 0 1389 350 4 1 2.5 3882 
13 2 498 573 3 1 5.0 1813 
14 1 1701 737 1 1 4.0 3404 
15 0 764 581 8 1 4.5 2039 
16 2 1562 573 3 1 5.0 3707 
17 0 771 377 14 1 5.0 1737 
18 1 936 153 2 1 3.0 4598 
19 2 828 573 3 1 5.0 2519 
20 0 1370 589 1 1 5.0 2564 
21 1 48 146 2 1 5.0 2264 
22 2 1319 573 3 1 4.0 2090 
23 0 1399 633 2 1 5.0 2880 
24 1 1882 148 1 1 5.0 1698 
25 2 1706 563 2 1 4.5 2646 
26 0 1038 298 18 1 5.0 3514 
27 1 1120 297 6 1 4.0 3003 
28 2 294 576 6 1 4.5 2247 
29 0 796 566 0 1 5.0 3763 
30 1 1390 578 3 1 5.0 3332 
