1 2 641 567 0 1 3.5 3944 
2 1 1257 371 1 1 4.0 25359 
3 0 121 298 21 1 4.5 24826 
4 2 262 573 3 1 4.0 7322 
5 1 1545 581 12 1 3.0 13664 
6 0 1452 581 1 1 3.0 12095 
7 2 1450 573 3 1 3.5 14119 
8 1 1409 578 2 1 3.0 62453 
9 0 1092 371 1 1 4.5 4042 
10 2 965 567 0 1 4.0 6700 
11 0 1696 65 38 1 4.0 13357 
12 1 5 370 3 1 4.5 4709 
13 2 311 563 2 1 4.0 6865 
14 1 377 572 7 1 4.0 15891 
15 0 636 787 5 1 4.5 18152 
16 2 871 563 2 1 2.0 19361 
17 1 463 298 4 1 4.0 12381 
18 0 1842 568 3 1 3.0 7979 
19 2 94 567 0 1 4.0 40968 
20 1 776 622 1 1 4.0 7835 
21 0 180 566 8 1 2.5 19358 
22 2 1583 567 0 1 4.0 12935 
23 0 110 298 0 1 4.0 2127 
24 1 1118 573 9 1 3.5 10031 
25 2 567 573 3 1 3.0 7172 
26 1 519 567 4 1 3.5 11043 
27 0 383 634 1 1 3.0 6987 
28 2 920 567 0 6 3.5 19288 
29 0 1596 567 13 1 3.0 7342 
30 1 1654 298 22 1 4.0 4439 
