1 2 747 588 10 1 3.5 13379 
2 1 1413 379 13 1 3.0 5757 
3 0 1070 352 16 1 3.5 5052 
4 2 627 298 105 1 3.0 8881 
5 1 661 372 10 1 3.5 5591 
6 0 1331 638 88 1 4.5 10853 
7 2 123 300 121 1 2.5 15216 
8 0 810 297 2 1 3.0 4359 
9 1 878 577 7 1 3.5 12516 
10 2 1324 587 7 1 3.5 7364 
11 0 1300 365 3 1 4.0 14560 
12 1 1209 142 1 1 4.0 3949 
13 2 1507 588 10 1 3.0 13427 
14 1 1800 371 16 1 4.0 5355 
15 0 39 142 7 1 4.0 8483 
16 2 725 142 175 8 3.5 39327 
17 0 113 370 14 1 3.0 8297 
18 1 1521 352 9 1 2.5 4560 
19 2 944 603 31 1 4.0 3596 
20 1 1825 142 57 1 4.0 11170 
21 0 1272 298 86 1 4.0 12254 
22 2 1576 596 34 1 2.5 20320 
23 0 1189 298 86 1 3.0 15567 
24 1 1774 201 2 1 4.0 3774 
25 2 713 570 55 1 3.0 8200 
26 1 144 297 72 1 3.0 14288 
27 0 1703 572 8 1 4.0 3114 
28 2 706 142 175 3 4.5 33664 
29 1 865 365 2 1 3.5 8514 
30 0 1435 377 16 1 4.0 6471 
