1 2 531 567 0 1 5.0 102418 
2 0 35 565 86 1 2.0 23336 
3 1 593 298 2 1 3.5 5256 
4 2 495 589 8 1 2.5 16822 
5 0 1894 573 76 1 1.0 23559 
6 1 663 631 1 1 4.0 22323 
7 2 1077 588 10 1 3.5 13473 
8 0 1911 65 22 1 5.0 4708 
9 1 1407 370 9 1 4.5 6449 
10 2 774 637 141 1 0.5 45111 
11 1 1303 350 33 1 1.0 23176 
12 0 10 298 74 1 1.5 19482 
13 2 241 567 0 1 3.5 4425 
14 1 1429 350 8 1 2.5 16882 
15 0 296 298 18 1 1.5 5637 
16 2 1533 599 35 1 1.0 4131 
17 1 1114 296 7 1 3.5 3645 
18 0 1319 298 77 1 3.5 17506 
19 2 1384 66 92 1 2.5 21354 
20 1 1803 634 13 1 2.0 11217 
21 0 125 148 57 1 3.0 10603 
22 2 1326 291 114 1 2.5 12777 
23 0 132 614 74 1 3.5 21706 
24 1 1744 302 0 1 4.5 3904 
25 2 1408 576 6 1 4.0 3308 
26 0 1172 300 19 1 4.5 3536 
27 1 993 638 0 1 2.5 9941 
28 2 1867 310 159 1 1.5 16527 
29 0 671 300 28 1 2.5 7504 
30 1 1179 352 78 1 0.5 14914 
