1 2 580 567 0 1 3.5 7822 
2 1 1190 146 0 1 5.0 2321 
3 0 169 583 19 1 5.0 4773 
4 2 119 567 0 1 3.5 8012 
5 1 882 593 16 1 5.0 8373 
6 0 1701 298 0 1 4.0 12827 
7 2 1891 372 174 1 4.0 12842 
8 1 1607 612 22 1 3.5 4961 
9 0 284 371 15 1 5.0 2704 
10 2 1760 277 0 2 5.0 4836 
11 0 1222 614 7 1 5.0 3990 
12 1 11 638 0 1 5.0 2145 
13 2 1512 146 205 3 5.0 15921 
14 0 856 74 0 1 4.5 2524 
15 1 1719 391 23 1 2.5 6804 
16 2 1557 576 6 1 5.0 1927 
17 1 1862 607 20 1 4.0 7115 
18 0 477 379 0 1 5.0 5002 
19 2 1356 199 124 5 3.0 26564 
20 1 393 607 0 1 2.5 4140 
21 0 1715 371 16 1 5.0 5672 
22 2 1647 571 47 1 5.0 10107 
23 0 697 638 52 1 5.0 11506 
24 1 362 370 3 1 5.0 3563 
25 2 326 269 12 4 5.0 9650 
26 1 1544 146 0 1 5.0 4345 
27 0 1441 593 18 1 5.0 4853 
28 2 1914 589 8 1 5.0 2572 
29 1 1384 149 0 1 5.0 1993 
30 0 657 379 23 1 5.0 3639 
