1 2 1106 588 10 7 3.0 44099 
2 1 1347 509 8 1 2.0 22865 
3 0 466 589 22 1 3.0 16810 
4 2 61 567 0 1 4.0 8680 
5 0 469 277 1 1 3.5 11145 
6 1 1298 300 27 1 4.0 22749 
7 2 548 597 21 1 4.0 5787 
8 1 1259 604 13 1 3.5 7025 
9 0 1278 74 0 1 3.0 4353 
10 2 151 588 10 1 5.0 3681 
11 1 655 787 51 1 4.0 41388 
12 0 772 578 6 1 3.0 8363 
13 2 414 573 3 1 3.5 15284 
14 1 480 564 46 1 4.0 22938 
15 0 780 298 23 1 3.5 21510 
16 2 576 573 3 1 3.5 9171 
17 0 1920 146 80 1 4.0 57341 
18 1 152 612 11 1 4.0 5734 
19 2 1046 569 37 1 4.0 71602 
20 0 1720 286 2 1 2.0 4839 
21 1 1495 387 0 1 4.0 3536 
22 2 702 589 8 1 3.5 2848 
23 1 1457 563 26 1 3.5 12554 
24 0 1232 589 31 1 4.0 10837 
25 2 502 573 3 1 4.0 7225 
26 1 1199 566 6 1 4.0 2999 
27 0 1541 565 15 1 2.5 7497 
28 2 655 573 3 1 4.0 10357 
29 0 68 589 42 1 3.5 25208 
30 1 57 564 4 1 3.5 18609 
