1 2 1166 592 12 10 2.0 187043 
2 0 1948 298 3 1 3.5 46768 
3 1 1139 591 29 1 3.0 21014 
4 2 519 587 7 1 1.0 22435 
5 1 849 573 9 1 5.0 4783 
6 0 1339 564 17 1 5.0 6092 
7 2 196 576 6 1 5.0 5946 
8 1 1625 370 10 1 4.5 7583 
9 0 969 638 4 1 4.0 12939 
10 2 353 567 0 1 4.0 16128 
11 1 732 368 12 1 3.5 14419 
12 0 154 298 10 1 4.0 12448 
13 2 361 587 7 3 3.0 17472 
14 0 165 564 25 1 3.5 12394 
15 1 724 581 2 1 4.0 6941 
16 2 1925 272 2 2 3.5 15231 
17 1 1014 590 2 1 3.5 5575 
18 0 530 566 5 1 3.5 6372 
19 2 754 573 3 1 3.5 4307 
20 1 1920 145 0 1 5.0 7665 
21 0 697 564 19 1 3.5 11928 
22 2 809 573 3 1 4.0 6234 
23 1 1778 153 5 1 5.0 6012 
24 0 747 591 14 1 5.0 6749 
25 2 1875 149 12 5 4.5 10275 
26 0 1657 154 15 1 3.5 9429 
27 1 558 590 2 1 4.0 13971 
28 2 741 587 7 1 4.0 6112 
29 1 456 567 23 1 4.0 7242 
30 0 472 74 9 1 4.0 7574 
