1 2 1510 588 10 6 2.5 12874 
2 0 948 83 10 1 4.0 1525 
3 1 1769 78 3 1 3.5 1340 
4 2 1054 581 18 1 4.0 14629 
5 1 1038 587 8 1 4.5 6229 
6 0 1325 607 19 1 3.5 9980 
7 2 482 298 105 1 4.5 20379 
8 0 1652 787 41 1 4.0 48936 
9 1 1450 607 3 1 2.5 13655 
10 2 333 564 15 1 5.0 5268 
11 0 1140 567 5 1 3.5 33475 
12 1 1080 277 0 1 4.5 2911 
13 2 184 573 3 1 4.0 5871 
14 1 1909 619 2 1 4.0 9162 
15 0 1686 298 46 1 4.5 6747 
16 2 613 297 107 17 1.5 79176 
17 1 687 567 15 1 5.0 11061 
18 0 135 565 4 1 4.0 5384 
19 2 462 587 7 1 4.0 4504 
20 1 1613 186 3 1 4.0 5103 
21 0 854 787 4 1 1.5 35844 
22 2 968 573 3 1 3.0 8628 
23 0 1454 581 19 1 3.5 6638 
24 1 1160 77 8 1 4.0 2699 
25 2 981 299 106 1 3.5 9441 
26 1 844 298 1 1 3.5 5993 
27 0 1601 65 78 1 4.0 19450 
28 2 1325 598 20 1 4.0 5315 
29 0 335 567 11 1 4.0 3932 
30 1 1751 619 6 1 3.5 5749 
