1 2 795 566 1 1 5.0 7855 
2 0 822 563 49 1 5.0 7357 
3 1 752 566 10 1 4.5 4040 
4 2 748 563 2 1 5.0 4154 
5 0 635 563 11 1 4.5 2781 
6 1 935 589 30 1 5.0 6063 
7 2 117 576 6 1 5.0 3779 
8 1 78 581 9 1 5.0 3931 
9 0 1880 563 2 1 5.0 6850 
10 2 471 799 131 2 5.0 28222 
11 0 835 631 8 1 5.0 3147 
12 1 1864 65 1 1 4.5 4858 
13 2 1865 563 2 1 5.0 2086 
14 1 491 631 14 1 5.0 2886 
15 0 419 563 12 1 4.5 3473 
16 2 722 563 2 1 5.0 1569 
17 0 1047 569 22 1 5.0 3693 
18 1 987 569 9 1 4.5 3863 
19 2 178 563 2 1 5.0 1672 
20 1 1889 563 13 1 5.0 2574 
21 0 26 614 16 1 5.0 4370 
22 2 1897 566 1 1 4.5 3938 
23 1 560 631 3 1 4.5 4277 
24 0 762 567 2 1 4.5 3713 
25 2 1891 563 2 1 5.0 2078 
26 0 1670 302 2 1 4.5 6114 
27 1 419 298 7 1 5.0 2633 
28 2 11 563 2 1 5.0 2226 
29 1 1170 146 0 1 5.0 5253 
30 0 265 577 21 1 5.0 6042 
