1 2 702 233 56 2 3.5 105966 
2 0 810 148 2 1 4.5 14584 
3 1 655 297 9 1 4.5 11558 
4 2 1848 567 0 1 3.5 24149 
5 0 718 563 27 1 5.0 8527 
6 1 1099 352 11 1 3.5 7682 
7 2 1260 617 54 1 2.5 11533 
8 0 504 590 0 1 3.0 4982 
9 1 635 350 28 1 4.5 6742 
10 2 1911 570 55 1 2.0 23043 
11 0 673 574 13 1 3.5 7751 
12 1 1401 567 19 1 3.0 7247 
13 2 1150 323 64 1 4.0 18159 
14 1 939 568 14 1 2.5 5277 
15 0 1127 186 72 1 2.5 12596 
16 2 1398 579 51 1 2.0 11426 
17 1 494 583 59 1 2.0 16258 
18 0 512 298 63 1 4.0 11492 
19 2 1422 567 0 1 2.0 4063 
20 1 1193 74 12 1 3.0 11716 
21 0 1526 65 26 1 4.0 14782 
22 2 461 744 4 1 3.0 7346 
23 1 1802 638 0 1 3.0 4505 
24 0 421 590 27 1 3.0 8573 
25 2 845 569 37 1 3.0 15755 
26 0 323 583 16 1 4.0 5718 
27 1 1257 372 3 1 3.5 6056 
28 2 1296 581 18 1 4.0 16652 
29 0 1147 566 8 1 3.5 4172 
30 1 803 300 2 1 2.5 10417 
