1 2 927 270 7 5 4.0 122485 
2 0 306 576 9 1 4.0 55010 
3 1 278 638 81 1 3.0 33750 
4 2 1784 570 55 1 3.5 21265 
5 0 921 576 40 1 4.5 12812 
6 1 439 371 35 1 4.0 27295 
7 2 1597 567 0 1 4.5 6593 
8 1 1323 567 9 1 4.5 3641 
9 0 489 573 8 1 3.5 5824 
10 2 1335 588 10 1 4.0 10759 
11 0 217 566 20 1 4.0 9643 
12 1 1619 591 24 1 4.5 9551 
13 2 1219 590 13 1 4.5 6282 
14 1 1193 76 2 1 4.5 14330 
15 0 1036 564 9 1 4.5 14113 
16 2 218 564 15 1 5.0 5419 
17 1 107 297 2 1 4.0 5147 
18 0 274 66 81 1 4.0 21450 
19 2 1366 744 4 1 3.5 45816 
20 0 912 572 19 1 2.5 6300 
21 1 5 589 1 1 4.5 4372 
22 2 96 567 0 1 5.0 4054 
23 1 813 587 9 1 4.0 3582 
24 0 1850 564 14 1 3.0 7945 
25 2 1612 567 0 1 4.5 4501 
26 1 272 589 13 1 3.5 2576 
27 0 436 587 12 1 5.0 7420 
28 2 1770 576 6 1 5.0 12463 
29 1 62 576 34 1 5.0 18977 
30 0 1805 744 19 1 3.0 21529 
