1 2 1885 567 0 11 3.5 37660 
2 1 406 371 4 1 3.5 24058 
3 0 675 298 51 1 3.0 12346 
4 2 1911 565 22 1 4.0 20803 
5 1 1833 577 3 1 4.0 5082 
6 0 592 569 6 1 3.5 14493 
7 2 897 591 11 1 3.5 15344 
8 1 1283 298 2 1 4.0 5011 
9 0 1631 593 17 1 3.5 22267 
10 2 931 566 1 3 3.5 13478 
11 0 190 587 37 1 4.0 13908 
12 1 811 638 0 1 4.0 6413 
13 2 1763 298 105 1 4.0 12223 
14 0 1165 563 8 1 3.0 12552 
15 1 935 66 11 1 4.0 5310 
16 2 870 613 43 1 4.0 9078 
17 0 1062 352 16 1 3.0 8830 
18 1 864 298 0 1 4.0 5514 
19 2 1538 577 40 3 4.0 8472 
20 1 281 612 1 1 2.5 22978 
21 0 413 569 15 1 3.0 14788 
22 2 1560 148 13 2 3.0 7937 
23 0 419 573 6 1 3.0 7870 
24 1 1031 597 28 1 4.0 10210 
25 2 665 567 0 1 3.0 5252 
26 1 1935 298 26 1 4.0 6827 
27 0 426 352 13 1 2.5 12932 
28 2 1111 564 15 1 4.0 4783 
29 0 1529 587 19 1 4.0 11476 
30 1 202 568 20 1 3.0 8064 
