1 2 613 207 1 7 4.0 28352 
2 0 1742 590 10 1 3.0 18092 
3 1 628 573 8 1 5.0 5388 
4 2 257 587 7 1 4.0 4562 
5 1 125 298 39 1 4.0 8977 
6 0 1007 608 27 1 0.5 30481 
7 2 628 573 3 1 5.0 7966 
8 1 1626 153 24 1 4.5 5644 
9 0 241 65 6 1 4.0 7250 
10 2 1512 146 205 3 5.0 13168 
11 0 392 566 22 1 3.0 5562 
12 1 1332 296 4 1 4.0 4057 
13 2 867 591 11 1 4.0 6245 
14 0 734 295 25 1 5.0 5967 
15 1 1253 373 3 1 5.0 4030 
16 2 1773 576 6 1 5.0 5216 
17 0 126 589 11 1 4.5 5114 
18 1 965 277 0 1 4.5 3299 
19 2 1116 566 1 1 5.0 3890 
20 0 1151 297 22 1 3.0 5121 
21 1 508 787 0 1 5.0 2155 
22 2 429 573 3 1 4.0 2944 
23 1 1375 300 1 1 5.0 2142 
24 0 666 574 9 1 4.5 7170 
25 2 1602 589 8 1 5.0 5984 
26 0 1182 608 19 1 5.0 6170 
27 1 1464 296 20 1 4.0 5456 
28 2 787 588 10 1 5.0 4833 
29 1 1373 352 3 1 3.0 5033 
30 0 358 593 10 1 3.0 6265 
