1 2 941 567 0 9 4.5 49017 
2 0 1202 86 1 1 4.5 13840 
3 1 1333 573 9 1 4.5 8362 
4 2 612 573 3 1 4.5 4968 
5 1 292 573 9 1 4.5 4091 
6 0 699 573 21 1 4.5 2782 
7 2 472 587 7 1 5.0 11253 
8 1 1847 607 48 1 4.5 18424 
9 0 1193 563 73 1 3.0 21224 
10 2 1383 567 0 1 4.0 8904 
11 0 719 298 28 1 4.0 8819 
12 1 1687 573 23 1 3.5 9887 
13 2 1581 298 105 1 4.5 9573 
14 0 709 573 41 1 4.0 12201 
15 1 1174 567 22 1 4.0 6041 
16 2 613 588 10 1 4.0 4628 
17 1 1102 573 10 1 4.0 3896 
18 0 502 564 49 1 4.5 13536 
19 2 849 573 3 1 5.0 2992 
20 0 1512 564 32 1 4.5 5529 
21 1 692 564 18 1 4.5 6258 
22 2 187 573 3 1 4.5 3101 
23 0 881 576 10 1 5.0 11268 
24 1 1170 564 16 1 4.5 20446 
25 2 633 619 74 1 3.5 23367 
26 0 1819 567 9 1 3.5 3299 
27 1 1341 379 3 1 5.0 4233 
28 2 122 588 10 1 4.5 3701 
29 0 453 573 15 1 4.5 52822 
30 1 238 563 13 1 5.0 3348 
