1 2 1856 207 1 7 3.5 523293 
2 0 724 583 92 1 4.0 15059 
3 1 1700 65 0 1 3.5 2755 
4 2 794 596 34 1 3.0 10717 
5 1 1828 572 64 1 4.0 7628 
6 0 655 297 45 1 4.0 5867 
7 2 1319 298 105 1 3.5 9423 
8 1 142 576 1 1 4.5 1930 
9 0 641 587 57 1 4.0 7376 
10 2 237 605 24 1 4.5 3882 
11 0 780 149 16 1 5.0 6372 
12 1 665 300 1 1 4.5 10118 
13 2 763 298 105 1 4.5 7699 
14 1 560 583 9 1 5.0 1793 
15 0 1365 298 15 1 4.5 2344 
16 2 338 354 139 1 5.0 17130 
17 0 486 295 37 1 2.0 8575 
18 1 1385 149 0 1 4.0 2401 
19 2 697 589 8 1 5.0 2576 
20 0 1047 589 67 1 4.5 9090 
21 1 1840 590 15 1 3.0 3425 
22 2 1892 573 3 1 4.5 2434 
23 0 438 300 18 1 4.5 3874 
24 1 1874 149 0 1 4.5 2044 
25 2 1936 599 35 1 4.0 8291 
26 1 1136 65 22 1 4.0 3284 
27 0 1742 568 10 1 4.5 2215 
28 2 290 566 1 1 4.5 2607 
29 1 442 297 35 1 3.5 2605 
30 0 843 564 12 1 4.0 3079 
