1 2 1708 567 0 6 5.0 101152 
2 1 570 581 10 1 2.5 53299 
3 0 1847 607 80 1 4.5 11897 
4 2 510 564 15 7 4.5 39837 
5 0 1055 607 2 1 5.0 6770 
6 1 1863 65 0 1 4.5 14487 
7 2 691 573 3 1 4.5 7393 
8 1 83 573 6 1 4.5 17243 
9 0 89 566 65 1 5.0 9793 
10 2 571 594 44 1 4.5 16850 
11 0 541 567 3 1 4.5 7740 
12 1 1124 76 0 1 5.0 9846 
13 2 1654 564 15 1 5.0 9568 
14 1 607 563 10 1 5.0 5128 
15 0 751 581 95 1 4.5 16026 
16 2 1628 277 0 3 4.5 12481 
17 1 1543 572 1 1 5.0 15957 
18 0 1567 564 29 1 4.5 12470 
19 2 902 595 33 1 4.5 11171 
20 0 387 142 96 1 4.5 14939 
21 1 1955 581 1 1 5.0 7071 
22 2 1850 612 32 1 4.5 15424 
23 0 690 563 32 1 4.5 11308 
24 1 795 563 15 1 4.5 2878 
25 2 102 566 1 1 5.0 7822 
26 1 851 201 9 1 5.0 3721 
27 0 629 569 90 1 5.0 17078 
28 2 1944 612 32 1 4.5 9027 
29 1 1681 146 0 1 5.0 4905 
30 0 693 563 2 1 5.0 8466 
