1 2 345 567 0 1 4.0 7220 
2 1 350 142 41 1 4.0 9809 
3 0 60 74 22 1 4.0 7781 
4 2 99 573 3 1 5.0 11184 
5 0 928 567 25 1 4.0 12149 
6 1 1651 396 19 1 4.0 7847 
7 2 1672 153 16 3 4.0 19950 
8 1 1881 148 1 1 5.0 6059 
9 0 429 569 1 1 4.0 3675 
10 2 265 564 15 1 4.0 8949 
11 0 1850 65 34 1 4.0 8388 
12 1 533 574 2 1 5.0 8314 
13 2 478 298 105 1 4.0 12137 
14 0 38 468 14 1 4.0 15591 
15 1 722 563 22 1 4.0 11138 
16 2 541 573 3 3 4.0 17602 
17 1 1937 370 15 1 5.0 8081 
18 0 1432 608 0 1 5.0 8891 
19 2 19 588 10 1 4.0 6927 
20 0 1376 577 5 1 5.0 6258 
21 1 1574 146 0 1 5.0 4451 
22 2 1008 597 21 1 5.0 9880 
23 1 991 577 15 1 4.0 7004 
24 0 1732 360 40 1 4.0 14395 
25 2 1699 563 2 1 4.0 16983 
26 0 1222 607 23 1 3.0 8471 
27 1 1724 619 45 1 4.5 16370 
28 2 152 568 27 1 3.5 11156 
29 1 1453 298 21 1 4.0 4061 
30 0 759 622 0 1 5.0 7337 
