1 2 321 661 57 7 3.5 66556 
2 0 1231 591 76 1 2.5 22529 
3 1 1671 566 46 1 3.0 10006 
4 2 788 567 0 1 5.0 4237 
5 1 1967 572 50 1 3.0 19393 
6 0 877 577 98 1 4.0 10969 
7 2 23 588 10 1 4.0 7722 
8 0 763 297 2 1 4.0 6962 
9 1 1575 567 42 1 4.0 13792 
10 2 1562 567 0 1 4.0 5752 
11 0 591 567 8 1 4.5 3429 
12 1 1860 65 1 1 4.5 3236 
13 2 414 566 1 1 4.0 4203 
14 1 750 468 8 1 4.5 3783 
15 0 303 567 6 1 5.0 4355 
16 2 1792 587 7 1 5.0 10955 
17 0 96 566 1 1 4.0 4220 
18 1 272 587 2 1 4.0 1789 
19 2 1238 563 2 1 4.0 2467 
20 0 1375 298 0 1 4.0 2994 
21 1 681 638 2 1 4.0 -857 
22 2 1672 573 3 1 2.5 4877 
23 0 606 300 2 1 4.5 2680 
24 1 1900 468 2 1 5.0 6637 
25 2 1307 566 1 1 4.0 6995 
26 1 1409 590 11 1 2.0 9210 
27 0 1575 573 24 1 4.0 12964 
28 2 578 591 11 1 4.0 8856 
29 1 769 370 2 1 4.5 2520 
30 0 724 607 10 1 1.0 3937 
