1 2 651 263 8 5 3.5 55062 
2 1 1958 515 0 1 4.5 6308 
3 0 20 583 22 1 4.0 2705 
4 2 1599 563 2 1 3.0 5270 
5 1 1621 350 0 1 3.0 9332 
6 0 1484 297 18 1 3.0 4432 
7 2 1184 573 3 1 5.0 2403 
8 0 329 297 2 1 4.5 4186 
9 1 619 77 0 1 4.5 3744 
10 2 27 297 107 1 2.0 7464 
11 1 1881 148 1 1 5.0 1555 
12 0 925 377 1 1 5.0 3432 
13 2 582 573 3 1 2.5 2028 
14 1 1436 593 3 1 5.0 2829 
15 0 399 75 9 1 3.0 5410 
16 2 1328 565 22 1 5.0 4443 
17 0 1485 298 13 1 4.5 2105 
18 1 336 298 46 1 4.0 8842 
19 2 1384 70 78 2 2.0 10245 
20 0 1022 360 21 1 3.0 4329 
21 1 1943 298 13 1 5.0 2610 
22 2 763 298 105 1 2.0 7575 
23 0 270 186 37 1 5.0 5475 
24 1 1228 576 0 1 5.0 2436 
25 2 521 587 7 1 3.0 1965 
26 0 1654 297 47 1 4.0 4920 
27 1 186 297 0 1 5.0 1749 
28 2 577 593 19 1 4.5 2395 
29 0 484 377 2 1 4.5 2515 
30 1 1628 277 3 1 3.0 2532 
