1 2 1235 580 57 8 3.0 245569 
2 0 706 509 63 1 3.0 24238 
3 1 1246 78 28 1 1.5 26466 
4 2 1754 298 105 1 1.5 17148 
5 0 126 297 81 1 2.0 21762 
6 1 1513 146 3 1 4.5 2189 
7 2 1191 64 85 2 1.0 64372 
8 1 792 638 0 1 3.0 6257 
9 0 1788 298 60 1 1.5 10145 
10 2 69 149 12 3 2.0 9228 
11 0 366 298 49 1 1.5 6315 
12 1 1189 153 1 1 0.5 18112 
13 2 1173 638 119 1 0.5 13409 
14 1 95 572 30 1 1.5 21778 
15 0 714 638 9 1 2.5 10309 
16 2 1288 563 2 7 0.5 18229 
17 0 1958 608 71 1 2.0 28554 
18 1 424 76 1 1 4.5 3501 
19 2 893 567 0 1 1.0 4941 
20 1 1311 298 8 1 0.5 4127 
21 0 1091 149 9 1 2.5 2321 
22 2 1097 373 179 1 1.5 15117 
23 0 422 573 20 1 0.5 5356 
24 1 756 350 2 1 5.0 2446 
25 2 1277 572 5 3 0.5 32150 
26 0 1633 576 1 1 3.0 8723 
