1 2 1245 378 1 4 3.5 115234 
2 1 1172 515 73 1 4.0 11157 
3 0 510 792 45 1 3.5 20016 
4 2 1254 589 8 1 3.0 4639 
5 1 1175 589 39 1 4.0 22666 
6 0 176 593 88 1 5.0 21547 
7 2 1338 573 3 1 4.0 3603 
8 1 701 573 7 1 3.5 3498 
9 0 654 297 17 1 4.0 4966 
10 2 723 566 1 6 3.0 25403 
11 0 714 563 13 1 4.0 6159 
12 1 1072 573 14 1 4.0 2234 
13 2 1323 566 1 1 3.5 4061 
14 0 377 581 16 1 3.5 3741 
15 1 1954 581 0 1 4.0 7200 
16 2 90 570 55 1 4.0 7139 
17 0 931 563 3 1 4.0 12193 
18 1 756 587 95 1 4.0 14845 
19 2 1139 591 11 1 3.5 3814 
20 1 288 298 11 1 4.0 5395 
21 0 1062 581 33 1 4.0 7944 
22 2 448 744 4 1 4.0 3963 
23 1 819 66 22 1 4.0 4497 
24 0 71 566 17 1 4.0 5081 
25 2 1940 582 28 1 3.5 14024 
26 1 1121 566 7 1 4.0 2065 
27 0 1188 589 50 1 4.0 5970 
28 2 325 567 0 1 3.5 2449 
29 1 1714 608 75 1 3.5 8837 
30 0 974 581 4 1 4.0 3984 
