1 2 1105 573 3 6 3.5 70190 
2 0 1706 567 57 1 3.5 20799 
3 1 1749 572 36 1 2.5 19729 
4 2 462 569 37 1 3.0 26337 
5 1 9 573 9 1 4.0 3824 
6 0 403 573 53 1 3.5 11674 
7 2 968 564 15 1 4.0 14845 
8 1 1562 573 15 1 5.0 4284 
9 0 561 146 83 1 5.0 6119 
10 2 1843 598 20 1 3.0 3106 
11 0 588 577 25 1 2.5 6072 
12 1 701 566 10 1 4.0 3512 
13 2 786 566 1 1 3.5 21375 
14 0 333 564 43 1 3.5 5420 
15 1 1549 142 0 1 3.5 3057 
16 2 1800 564 15 1 4.0 4019 
17 0 1516 145 0 1 3.0 3435 
18 1 1442 581 25 1 4.0 10604 
19 2 115 566 1 1 4.0 4135 
20 0 1588 593 26 1 3.0 6412 
21 1 1952 592 96 1 4.5 11756 
22 2 1878 573 3 1 3.5 3096 
23 1 790 575 38 1 3.5 7480 
24 0 1494 568 47 1 3.5 7848 
25 2 2 566 1 1 3.5 1821 
26 0 818 564 4 1 3.5 2924 
27 1 1613 564 65 1 3.5 9127 
28 2 1272 563 2 1 5.0 2806 
29 0 810 563 9 1 3.5 3584 
30 1 788 573 20 1 4.5 2216 
