1 2 860 566 1 1 5.0 4849 
2 1 1008 593 2 1 5.0 3458 
3 0 43 587 6 1 5.0 3865 
4 2 1567 573 3 1 5.0 3230 
5 1 856 589 1 1 5.0 3015 
6 0 646 567 15 1 5.0 3436 
7 2 895 566 1 1 5.0 5699 
8 1 418 566 7 1 5.0 2198 
9 0 1795 576 36 1 5.0 3507 
10 2 1408 565 22 1 5.0 4097 
11 0 638 297 41 1 5.0 5893 
12 1 205 286 12 1 4.5 5269 
13 2 300 563 2 1 5.0 1600 
14 0 190 371 65 1 5.0 13038 
15 1 14 576 16 1 5.0 2460 
16 2 203 563 2 1 4.5 2887 
17 0 1615 589 44 1 5.0 4804 
18 1 778 300 16 1 5.0 2974 
19 2 769 588 10 1 5.0 2839 
20 0 1152 577 16 1 5.0 2532 
21 1 1698 563 16 1 5.0 2092 
22 2 1470 563 2 1 4.5 1392 
23 1 239 591 7 1 5.0 2492 
24 0 1711 563 3 1 5.0 2018 
25 2 681 588 10 1 5.0 2014 
26 0 1297 578 23 1 5.0 5965 
27 1 195 583 47 1 5.0 11599 
28 2 886 298 105 1 5.0 7590 
29 1 116 566 2 1 5.0 2666 
30 0 562 564 23 1 5.0 3344 
