1 2 1197 589 8 5 4.0 9993 
2 0 1492 787 40 1 4.5 25070 
3 1 53 300 1 1 3.5 12178 
4 2 627 578 56 1 3.5 41622 
5 1 384 612 8 1 3.5 29639 
6 0 1836 607 40 1 4.5 21308 
7 2 1176 572 5 1 4.5 23324 
8 1 1691 608 3 1 4.5 7084 
9 0 1857 65 32 1 4.5 10819 
10 2 357 563 2 1 4.5 5602 
11 0 277 587 25 1 5.0 13385 
12 1 1266 638 1 1 4.0 4937 
13 2 382 567 0 1 4.0 12587 
14 1 624 298 32 1 5.0 9123 
15 0 1379 146 48 1 4.5 10069 
16 2 1907 566 1 1 3.5 9381 
17 1 398 78 24 1 2.5 20350 
18 0 963 607 88 1 5.0 21150 
19 2 828 617 54 1 5.0 35964 
20 0 1266 569 23 1 3.5 8754 
21 1 456 300 4 1 3.5 3828 
22 2 467 591 11 1 3.0 6605 
23 1 539 391 7 1 4.0 6171 
24 0 591 298 33 1 4.0 7020 
25 2 637 570 55 1 4.0 14464 
26 0 456 578 61 1 4.5 14213 
27 1 1355 277 2 1 5.0 5406 
28 2 794 599 35 1 4.5 8850 
