1 2 484 586 9 1 5.0 17514 
2 1 1712 509 3 1 4.5 5140 
3 0 1799 298 2 1 4.5 4925 
4 2 648 566 1 1 3.5 7581 
5 1 1148 368 3 1 3.5 9567 
6 0 722 573 5 1 3.5 5042 
7 2 1787 566 1 1 3.5 4190 
8 1 671 298 1 1 4.5 2484 
9 0 865 572 11 1 3.5 9955 
10 2 560 603 31 1 3.5 11341 
11 0 197 567 4 1 3.5 8237 
12 1 799 567 1 1 4.0 3983 
13 2 1740 567 0 1 3.5 3426 
14 1 1873 148 1 1 5.0 1584 
15 0 210 597 8 1 3.5 4210 
16 2 829 567 0 1 4.0 3863 
17 1 639 566 1 1 3.5 8382 
18 0 1758 564 15 1 4.5 8857 
19 2 854 567 0 1 3.5 4099 
20 0 1000 569 12 1 4.0 5984 
21 1 1203 298 9 1 4.5 6265 
22 2 1845 572 5 1 4.0 6123 
23 0 272 379 30 1 3.5 8088 
24 1 1346 300 0 1 5.0 2500 
25 2 1764 567 0 1 5.0 3665 
26 1 1017 787 2 1 4.0 2973 
27 0 534 569 41 1 4.0 23946 
28 2 396 588 10 1 3.5 4678 
29 0 463 298 84 1 4.0 11160 
30 1 122 74 3 1 4.0 4081 
