1 2 1151 577 40 1 3.0 19618 
2 0 486 297 41 1 4.5 18378 
3 1 825 567 24 1 4.0 5986 
4 2 525 563 2 1 4.5 2763 
5 0 267 589 19 1 3.5 3527 
6 1 617 567 9 1 5.0 10358 
7 2 378 588 10 1 5.0 12645 
8 1 1681 146 0 1 5.0 5952 
9 0 507 591 78 1 4.0 24742 
10 2 60 566 1 1 3.5 5693 
11 0 1007 581 47 1 3.5 13196 
12 1 315 391 60 1 4.0 26221 
13 2 1248 576 6 1 5.0 3386 
14 1 787 638 0 1 5.0 2516 
15 0 26 370 2 1 3.5 6848 
16 2 55 567 0 1 4.5 5067 
17 1 668 373 14 1 4.5 7725 
18 0 892 298 14 1 3.5 10483 
19 2 1883 591 11 1 4.0 7518 
20 0 1294 576 73 1 5.0 15179 
21 1 1737 360 1 1 3.5 5597 
22 2 657 566 1 1 4.0 4807 
23 1 392 567 26 1 4.0 14439 
24 0 1378 566 26 1 5.0 11766 
25 2 1382 564 15 1 4.5 8236 
26 0 889 391 4 1 3.0 5584 
27 1 1451 297 1 1 4.5 3588 
28 2 780 573 3 1 5.0 7882 
29 0 1557 569 11 1 5.0 7774 
30 1 1591 352 90 1 3.5 21384 
