1 2 1432 598 20 1 4.0 8172 
2 1 1562 787 1 1 4.5 3595 
3 0 1362 787 22 1 2.5 2586 
4 2 1437 608 23 1 4.5 7002 
5 1 1115 298 19 1 3.5 3337 
6 0 892 573 19 1 4.0 3006 
7 2 613 573 3 1 4.0 2463 
8 0 1309 564 8 1 5.0 2342 
9 1 1902 563 20 1 5.0 2003 
10 2 619 74 65 2 4.5 7671 
11 1 1561 148 1 1 5.0 2573 
12 0 717 567 6 1 4.5 3937 
13 2 910 601 45 1 5.0 14696 
14 0 1459 568 11 1 5.0 4385 
15 1 1926 298 13 1 4.5 3782 
16 2 973 598 20 1 4.5 4349 
17 0 679 572 8 1 5.0 2333 
18 1 891 563 6 1 5.0 4742 
19 2 975 572 5 1 4.5 6485 
20 1 1757 575 14 1 5.0 3838 
21 0 1417 566 5 1 5.0 3015 
22 2 1783 566 1 1 3.5 3686 
23 0 1086 787 8 1 3.5 3108 
24 1 1073 277 27 1 4.0 3685 
25 2 1686 566 1 1 4.0 2927 
26 1 738 74 2 1 4.0 1989 
27 0 517 569 14 1 4.0 2521 
28 2 1830 595 33 1 5.0 5619 
29 0 1225 631 17 1 3.5 4856 
30 1 1170 564 16 1 5.0 3359 
