1 2 63 595 33 5 4.0 378867 
2 1 1184 573 10 1 4.0 5292 
3 0 1378 587 95 1 4.0 24087 
4 2 19 589 8 1 4.0 10124 
5 0 944 604 43 1 5.0 21992 
6 1 1341 587 6 1 5.0 4405 
7 2 534 563 2 1 5.0 2707 
8 0 3 573 42 1 5.0 7283 
9 1 1239 574 36 1 5.0 12935 
10 2 835 567 0 1 4.0 9314 
11 1 363 372 3 1 4.0 5558 
12 0 1591 563 29 1 5.0 8837 
13 2 1110 587 7 1 5.0 5347 
14 0 1185 566 68 1 3.5 13635 
15 1 200 563 9 1 5.0 2860 
16 2 736 589 8 1 4.0 5270 
17 0 87 569 15 1 4.5 9662 
18 1 1478 573 68 1 3.0 30801 
19 2 1861 573 3 1 3.0 5196 
20 0 1866 573 14 1 3.5 3166 
21 1 672 576 10 1 5.0 7976 
22 2 712 573 3 1 4.0 4205 
23 1 702 573 10 1 4.0 3835 
24 0 882 581 3 1 5.0 4397 
25 2 824 573 3 1 4.0 1772 
26 0 447 591 22 1 4.0 5268 
27 1 1456 612 1 1 4.0 17911 
28 2 443 591 11 1 4.0 5926 
29 0 895 577 1 1 4.0 3207 
30 1 841 468 21 1 4.0 6906 
