1 2 1942 595 33 6 3.5 41374 
2 0 1766 573 43 1 3.5 16934 
3 1 1083 297 0 1 5.0 4700 
4 2 1232 589 8 1 4.5 4562 
5 0 1745 569 12 1 4.0 6407 
6 1 1107 573 9 1 3.5 7229 
7 2 1139 591 11 1 3.5 6995 
8 0 1730 295 11 1 1.5 33231 
9 1 1626 633 5 1 2.5 6551 
10 2 1051 572 5 1 4.0 5906 
11 1 1215 578 1 1 5.0 4088 
12 0 84 567 69 1 1.5 11544 
13 2 781 567 0 1 4.5 3251 
14 0 1254 578 17 1 3.5 6345 
15 1 1640 638 0 1 3.5 5307 
16 2 1282 573 3 1 3.5 6895 
17 1 642 573 23 1 2.5 4309 
18 0 651 391 39 1 3.0 5422 
19 2 31 298 105 1 3.5 10371 
20 1 735 377 0 1 4.0 2545 
21 0 181 587 9 1 3.5 3376 
22 2 300 575 17 1 3.5 6151 
23 1 147 574 0 1 5.0 2571 
24 0 481 574 23 1 3.0 6488 
25 2 1746 567 0 1 4.5 3538 
26 1 1750 577 13 1 5.0 3918 
27 0 577 583 1 1 4.5 2947 
28 2 662 567 0 1 5.0 2352 
29 0 29 564 14 1 4.0 4259 
30 1 849 638 0 1 5.0 2554 
