1 2 404 294 116 1 4.0 13934 
2 0 200 300 8 1 1.0 25083 
3 1 1457 468 53 1 4.5 12727 
4 2 486 639 37 2 3.0 12831 
5 0 1585 387 39 1 1.0 25485 
6 1 1899 78 5 1 3.5 6117 
7 2 1335 345 71 3 2.5 13310 
8 0 1487 371 6 1 4.0 4394 
9 1 893 297 1 1 3.0 5036 
10 2 1755 565 22 1 4.0 5905 
11 0 1279 564 34 1 2.0 15398 
12 1 102 298 7 1 4.0 3075 
13 2 1017 217 2 3 5.0 26324 
14 1 1854 577 7 1 2.0 12967 
15 0 717 567 40 1 4.0 14431 
16 2 1062 580 57 1 4.5 17762 
17 1 1392 633 7 1 4.0 4083 
18 0 250 566 34 1 3.0 24912 
19 2 332 567 0 1 2.0 5068 
20 0 1612 575 58 1 2.5 17930 
21 1 956 277 0 1 3.0 12457 
22 2 915 565 22 1 4.0 7038 
23 1 766 286 17 1 3.0 6331 
24 0 170 468 80 1 4.0 13666 
25 2 517 286 101 1 4.0 14931 
26 0 1418 575 87 1 5.0 17458 
27 1 1543 142 0 1 5.0 3763 
28 2 1370 153 16 2 4.0 8295 
29 0 9 298 2 1 4.0 3217 
30 1 1464 298 37 1 4.0 5397 
