1 2 1115 573 3 8 4.5 139409 
2 1 1549 298 2 1 4.0 14347 
3 0 595 563 10 1 4.5 17690 
4 2 637 573 3 1 4.0 10309 
5 1 373 298 11 1 4.0 4338 
6 0 126 744 29 1 3.0 15013 
7 2 1467 742 170 3 3.0 34866 
8 0 1505 567 5 1 4.5 3489 
9 1 543 300 2 1 4.0 4506 
10 2 731 573 3 1 4.0 5892 
11 1 86 567 42 1 4.5 6089 
12 0 1475 633 0 1 2.5 7811 
13 2 483 573 3 1 4.0 8479 
14 1 554 371 13 1 2.5 16478 
15 0 1176 153 1 1 4.5 5816 
16 2 31 572 5 1 4.0 4883 
17 0 391 612 15 1 2.0 4832 
18 1 690 370 42 1 3.5 8850 
19 2 1461 576 6 1 3.0 9542 
20 0 465 298 3 1 1.5 8100 
21 1 230 577 44 1 3.5 7927 
22 2 1539 603 31 4 2.5 29694 
