1 2 735 306 152 9 3.5 44285 
2 0 339 375 5 1 4.0 16021 
3 1 840 633 20 1 4.5 12616 
4 2 387 563 2 6 3.0 47782 
5 0 904 298 17 1 4.5 4990 
6 1 496 573 12 1 4.5 10019 
7 2 1318 573 3 1 4.0 7079 
8 0 795 563 88 1 3.0 31505 
9 1 320 573 10 1 3.0 22226 
10 2 1161 609 49 1 2.0 32006 
11 0 835 635 22 1 2.5 11708 
12 1 651 391 5 1 3.0 8417 
13 2 486 563 2 1 4.0 11061 
14 0 290 377 22 1 3.5 10842 
15 1 1264 391 42 1 3.5 17642 
16 2 1350 262 20 2 2.0 16028 
17 0 545 146 42 1 5.0 19739 
18 1 384 298 30 1 4.5 11204 
19 2 1304 334 70 1 3.0 34575 
20 0 415 573 30 1 3.5 17307 
21 1 1937 589 21 1 3.0 10159 
22 2 980 565 22 1 3.5 22206 
23 1 1181 66 2 1 3.5 5118 
24 0 1859 66 22 1 2.5 12876 
25 2 1664 744 4 1 3.5 8340 
26 0 856 370 10 1 2.5 20154 
27 1 1857 573 68 1 4.0 25500 
28 2 1939 572 5 1 3.0 10280 
29 0 69 744 72 1 4.0 7890 
30 1 1474 563 11 1 3.5 5680 
